1 0.72734375 0.778125 0.05703125 0.21875
2 0.753125 0.6640625 0.04453125 0.228125
1 0.109375 0.55078125 0.04765625 0.234375
2 0.1765625 0.67109375 0.05 0.2296875
2 0.33984375 0.52578125 0.040625 0.25859375
2 0.6921875 0.61015625 0.0703125 0.21328125
2 0.37578125 0.509375 0.0515625 0.23671875
2 0.64140625 0.3734375 0.05 0.18203125
2 0.721875 0.34453125 0.04453125 0.1890625
0 0.725 0.32421875 0.01640625 0.03359375
2 0.68828125 0.41875 0.03984375 0.18984375
2 0.16015625 0.609375 0.04453125 0.27265625