1 0.7359375 0.7859375 0.059375 0.21796875
2 0.371875 0.5203125 0.05546875 0.246875
2 0.7015625 0.60078125 0.05859375 0.221875
2 0.11953125 0.640625 0.046875 0.23828125
2 0.49609375 0.38125 0.065625 0.17421875
2 0.26875 0.7046875 0.06640625 0.2390625
1 0.74140625 0.275 0.03671875 0.19609375
2 0.54375 0.39296875 0.059375 0.1640625
2 0.76171875 0.67109375 0.053125 0.23046875
2 0.725 0.378125 0.0671875 0.18046875
2 0.65 0.38828125 0.05390625 0.1875
2 0.353125 0.490625 0.03984375 0.24296875
0 0.74375 0.44453125 0.01796875 0.0359375