1 0.70625 0.7734375 0.0625 0.2359375
1 0.046875 0.5640625 0.05078125 0.23359375
2 0.67578125 0.63125 0.0515625 0.240625
2 0.7859375 0.46015625 0.04609375 0.1953125
2 0.25078125 0.5828125 0.05390625 0.2296875
2 0.30859375 0.51015625 0.0484375 0.2609375
2 0.4 0.54921875 0.06015625 0.24453125
2 0.09296875 0.66875 0.046875 0.2234375
2 0.73203125 0.68125 0.03671875 0.25625
2 0.88828125 0.46953125 0.08828125 0.1984375
1 0.7078125 0.26640625 0.040625 0.19609375
2 0.56953125 0.34609375 0.0453125 0.1953125
2 0.66328125 0.30234375 0.0328125 0.1828125
0 0.7171875 0.24921875 0.02265625 0.03203125