2 0.41640625 0.67109375 0.05234375 0.26484375
2 0.3703125 0.571875 0.053125 0.23125
2 0.42890625 0.5609375 0.071875 0.20703125
1 0.8171875 0.8703125 0.05546875 0.259375
1 0.11171875 0.62734375 0.06328125 0.2359375
2 0.17265625 0.73203125 0.05234375 0.25234375
2 0.72890625 0.3734375 0.05390625 0.16640625
2 0.61328125 0.4234375 0.0390625 0.175
1 0.8140625 0.33125 0.04140625 0.2046875
2 0.65703125 0.77109375 0.07890625 0.28828125
2 0.69140625 0.6921875 0.05625 0.30546875
2 0.78359375 0.7625 0.07265625 0.2734375
2 0.7265625 0.375 0.04375 0.1875
2 0.7890625 0.75859375 0.0765625 0.25546875
0 0.58125 0.19453125 0.0265625 0.04453125