1 0.7359375 0.78203125 0.05859375 0.2125
2 0.64609375 0.48046875 0.06171875 0.18984375
2 0.76875 0.6703125 0.046875 0.21484375
2 0.69375 0.5953125 0.0515625 0.23984375
2 0.571875 0.46484375 0.0734375 0.196875
2 0.14921875 0.7 0.06875 0.2234375
2 0.46015625 0.38359375 0.0421875 0.1796875
2 0.425 0.51015625 0.04453125 0.246875
2 0.378125 0.721875 0.06640625 0.2609375
2 0.33671875 0.54609375 0.06875 0.20859375
2 0.43359375 0.3203125 0.053125 0.17421875
0 0.65078125 0.46875 0.0203125 0.05234375
0 0.65234375 0.46484375 0.0203125 0.0375
1 0.125 0.51015625 0.053125 0.23046875
1 0.12265625 0.51796875 0.04609375 0.25078125