1 0.75703125 0.33359375 0.0453125 0.21484375
1 0.025 0.68046875 0.04921875 0.25625
2 0.290625 0.62421875 0.06484375 0.27109375
2 0.3875 0.67109375 0.0640625 0.2609375
2 0.22578125 0.68125 0.0796875 0.24375
2 0.596875 0.53984375 0.0640625 0.2203125
1 0.7609375 0.8890625 0.0609375 0.2171875
2 0.66796875 0.871875 0.07421875 0.2453125
2 0.85625 0.72265625 0.053125 0.30390625
2 0.4125 0.50390625 0.0890625 0.19765625
2 0.45625 0.396875 0.05390625 0.18046875
2 0.79765625 0.6703125 0.053125 0.28046875
2 0.5828125 0.7671875 0.05234375 0.30390625
0 0.33515625 0.165625 0.0265625 0.034375
2 0.5875 0.75546875 0.06484375 0.30390625
0 0.3359375 0.171875 0.01953125 0.03515625