2 0.52578125 0.54296875 0.0765625 0.296875
2 0.4453125 0.46328125 0.08046875 0.25625
2 0.42421875 0.584375 0.059375 0.27734375
2 0.1078125 0.7625 0.0984375 0.271875
1 0.8765625 0.284375 0.046875 0.246875
1 0.0265625 0.6578125 0.053125 0.31796875
2 0.7234375 0.70703125 0.12109375 0.2890625
2 0.515625 0.51640625 0.04453125 0.31640625
2 0.41484375 0.55703125 0.0453125 0.278125
0 0.3890625 0.38203125 0.021875 0.05859375
1 0.03515625 0.65546875 0.06484375 0.28828125
2 0.4078125 0.53671875 0.05 0.23515625
2 0.95234375 0.8796875 0.08359375 0.2359375