2 0.3296875 0.47890625 0.06875 0.20390625
2 0.38671875 0.521875 0.07265625 0.21796875
2 0.259375 0.63203125 0.07265625 0.21953125
2 0.721875 0.615625 0.07734375 0.2859375
2 0.67265625 0.6140625 0.05390625 0.25625
2 0.784375 0.54140625 0.08046875 0.23203125
2 0.4578125 0.67734375 0.071875 0.2328125
1 0.66484375 0.85703125 0.06640625 0.2078125
2 0.41484375 0.2859375 0.04140625 0.17265625
1 0.6890625 0.29375 0.03515625 0.20078125
2 0.521875 0.83359375 0.07109375 0.2140625
2 0.54296875 0.8046875 0.096875 0.28203125
0 0.2390625 0.5625 0.02734375 0.0609375