2 0.6390625 0.61640625 0.0421875 0.26328125
2 0.55 0.52890625 0.0328125 0.2515625
2 0.72734375 0.53671875 0.04375 0.25703125
2 0.5078125 0.75703125 0.0484375 0.21015625
2 0.6953125 0.4875 0.0484375 0.2375
2 0.56953125 0.61640625 0.04296875 0.24765625
1 0.609375 0.83359375 0.0859375 0.1890625
2 0.509375 0.834375 0.04140625 0.1984375
2 0.39609375 0.48125 0.11484375 0.24609375
2 0.44296875 0.3046875 0.0421875 0.184375
2 0.70234375 0.4703125 0.03828125 0.228125
0 0.54453125 0.81640625 0.021875 0.0609375
1 0.7046875 0.32734375 0.0484375 0.2125