2 0.74296875 0.5421875 0.04765625 0.2390625
2 0.5796875 0.625 0.05859375 0.21484375
2 0.36953125 0.62421875 0.03984375 0.19609375
2 0.715625 0.7578125 0.05078125 0.25859375
2 0.45703125 0.51015625 0.0765625 0.19140625
2 0.80546875 0.475 0.046875 0.19921875
2 0.3515625 0.79609375 0.075 0.1890625
1 0.3703125 0.40078125 0.0390625 0.1640625
2 0.96171875 0.5984375 0.05546875 0.2234375
1 0.575 0.83125 0.05546875 0.1734375
1 0.87265625 0.41953125 0.040625 0.17265625
2 0.48515625 0.49921875 0.0421875 0.18515625
0 0.55234375 0.1390625 0.0171875 0.03203125