1 0.68671875 0.36015625 0.03515625 0.175
2 0.48203125 0.40078125 0.0421875 0.20703125
2 0.73515625 0.57109375 0.0515625 0.2140625
2 0.52265625 0.5109375 0.04921875 0.22734375
2 0.60234375 0.48046875 0.0515625 0.17578125
2 0.65703125 0.51328125 0.07109375 0.19453125
2 0.3109375 0.72421875 0.05703125 0.23984375
1 0.521875 0.88046875 0.05078125 0.209375
2 0.54140625 0.45625 0.05390625 0.19375
2 0.26484375 0.4015625 0.04140625 0.18515625
2 0.1 0.428125 0.0390625 0.23359375
2 0.09921875 0.41953125 0.04140625 0.2078125