2 0.42578125 0.50859375 0.07421875 0.1828125
2 0.621875 0.690625 0.05546875 0.2015625
2 0.35234375 0.4390625 0.071875 0.184375
2 0.25859375 0.490625 0.0453125 0.190625
2 0.490625 0.29140625 0.0609375 0.15546875
1 0.31015625 0.75703125 0.040625 0.21328125
2 0.6625 0.39375 0.06484375 0.21796875
1 0.959375 0.54453125 0.03671875 0.19453125
2 0.2875 0.44296875 0.04765625 0.1453125
1 0.41328125 0.271875 0.0328125 0.1515625
0 0.26875 0.4640625 0.01484375 0.025
2 0.63125 0.61171875 0.03046875 0.19296875
2 0.53828125 0.33125 0.03984375 0.19453125
2 0.6484375 0.29453125 0.021875 0.16328125