1 0.3078125 0.74453125 0.05390625 0.2296875
2 0.28671875 0.4234375 0.0390625 0.18125
2 0.6453125 0.68515625 0.04375 0.2375
2 0.6703125 0.44765625 0.0515625 0.196875
2 0.55625 0.5796875 0.06328125 0.1984375
2 0.1671875 0.42734375 0.04765625 0.15078125
2 0.48203125 0.29921875 0.05 0.16484375
2 0.7015625 0.59609375 0.0359375 0.19609375
2 0.25234375 0.465625 0.04296875 0.196875
1 0.9703125 0.56328125 0.04140625 0.1953125
2 0.6890625 0.3625 0.03359375 0.1796875
0 0.1859375 0.41484375 0.01171875 0.021875
2 0.5390625 0.33203125 0.0390625 0.18046875