1 0.7046875 0.89453125 0.07421875 0.2109375
2 0.215625 0.6921875 0.09296875 0.2703125
1 0.87265625 0.39140625 0.04921875 0.2421875
2 0.36328125 0.81015625 0.07578125 0.29296875
2 0.4 0.5109375 0.09375 0.24375
2 0.14921875 0.57578125 0.09921875 0.19140625
2 0.7421875 0.5625 0.0515625 0.29296875
2 0.6421875 0.403125 0.0703125 0.3140625
2 0.7078125 0.65234375 0.075 0.23671875
1 0.05078125 0.359375 0.0375 0.2125
2 0.7125 0.471875 0.07109375 0.23125
0 0.19453125 0.5796875 0.0203125 0.04296875
2 0.6828125 0.76484375 0.10859375 0.3078125