2 0.35546875 0.29375 0.053125 0.17421875
1 0.965625 0.55703125 0.05 0.20859375
2 0.39296875 0.48515625 0.08046875 0.20625
2 0.325 0.51015625 0.0546875 0.21640625
2 0.22109375 0.55546875 0.05703125 0.221875
2 0.62890625 0.40625 0.0484375 0.19921875
2 0.590625 0.72578125 0.0625 0.196875
2 0.4828125 0.340625 0.05234375 0.1859375
1 0.25 0.8015625 0.04296875 0.2375
2 0.528125 0.440625 0.065625 0.196875
2 0.60546875 0.60859375 0.05 0.1984375
2 0.60546875 0.2546875 0.03203125 0.16015625
0 0.5515625 0.39453125 0.0234375 0.034375