2 0.6234375 0.5671875 0.0484375 0.19296875
1 0.66640625 0.78203125 0.053125 0.2046875
2 0.76875 0.7375 0.07265625 0.25625
2 0.5453125 0.4546875 0.07578125 0.17265625
2 0.43984375 0.3765625 0.05234375 0.1671875
2 0.6734375 0.496875 0.06484375 0.1890625
2 0.3265625 0.5765625 0.05546875 0.18515625
1 0.3265625 0.34375 0.03046875 0.15390625
2 0.72265625 0.409375 0.0390625 0.16796875
2 0.24140625 0.68828125 0.04140625 0.18828125
2 0.50625 0.3828125 0.0421875 0.16875
1 0.90078125 0.35625 0.05 0.14609375
0 0.71484375 0.334375 0.01640625 0.025