2 0.48046875 0.678125 0.04921875 0.2421875
2 0.61875 0.4140625 0.0640625 0.18203125
2 0.51796875 0.3375 0.07265625 0.1734375
2 0.66328125 0.3578125 0.04140625 0.19140625
2 0.5609375 0.31953125 0.05390625 0.140625
2 0.45 0.50546875 0.0390625 0.18125
1 0.85078125 0.27421875 0.03671875 0.1765625
2 0.2578125 0.47734375 0.0421875 0.2234375
2 0.7515625 0.359375 0.05078125 0.16640625
2 0.64609375 0.409375 0.04453125 0.2015625
1 0.39609375 0.7 0.053125 0.21484375
2 0.20234375 0.559375 0.0734375 0.22109375
0 0.57265625 0.34453125 0.01640625 0.0390625