1 0.7703125 0.778125 0.075 0.1671875
2 0.678125 0.46015625 0.07734375 0.17578125
2 0.3140625 0.49921875 0.06484375 0.175
2 0.4859375 0.353125 0.06953125 0.16015625
2 0.38203125 0.6265625 0.04921875 0.2
2 0.30390625 0.41015625 0.0328125 0.1453125
1 0.1765625 0.3734375 0.02734375 0.134375
1 0.90703125 0.3609375 0.0328125 0.121875
2 0.7828125 0.66640625 0.075 0.165625
2 0.5734375 0.73671875 0.08984375 0.18125
2 0.67109375 0.378125 0.06328125 0.12109375
0 0.63671875 0.3546875 0.0125 0.0296875
2 0.9703125 0.7359375 0.059375 0.234375