2 0.7015625 0.696875 0.07734375 0.23203125
2 0.3125 0.553125 0.06484375 0.2140625
2 0.28203125 0.44453125 0.07109375 0.20078125
2 0.353125 0.37578125 0.0453125 0.16171875
2 0.8015625 0.54375 0.04609375 0.19453125
2 0.42734375 0.459375 0.07265625 0.20625
2 0.134375 0.409375 0.05546875 0.19375
2 0.5171875 0.409375 0.0703125 0.16796875
2 0.02890625 0.69765625 0.05625 0.2015625
1 0.8015625 0.77890625 0.06640625 0.19296875
1 0.3359375 0.30390625 0.02734375 0.14296875
0 0.353125 0.3671875 0.01640625 0.03359375