2 0.503125 0.71171875 0.05234375 0.221875
2 0.31640625 0.49765625 0.05703125 0.26328125
1 0.86640625 0.30703125 0.04140625 0.203125
2 0.4546875 0.5453125 0.05 0.2
2 0.2140625 0.5765625 0.0546875 0.22109375
2 0.5515625 0.3625 0.0671875 0.22734375
2 0.925 0.42265625 0.04375 0.20703125
2 0.44140625 0.403125 0.05546875 0.26953125
2 0.3890625 0.375 0.0484375 0.259375
2 0.70234375 0.32890625 0.04140625 0.21171875
1 0.33515625 0.28359375 0.04296875 0.18125
2 0.79921875 0.42265625 0.0578125 0.2234375
0 0.409375 0.1578125 0.0234375 0.040625
1 0.40625 0.765625 0.06484375 0.22890625