2 0.3578125 0.41796875 0.05078125 0.2015625
2 0.52421875 0.4609375 0.07734375 0.21328125
2 0.621875 0.66015625 0.06015625 0.3
2 0.28828125 0.6640625 0.0875 0.2796875
2 0.80546875 0.6140625 0.05390625 0.25
1 0.9421875 0.38125 0.05859375 0.20078125
2 0.47578125 0.58515625 0.0609375 0.27109375
2 0.7671875 0.37265625 0.05703125 0.21171875
1 0.15625 0.3875 0.040625 0.1984375
2 0.75234375 0.63671875 0.053125 0.2625
0 0.453125 0.01328125 0.01875 0.0265625
2 0.3703125 0.325 0.03359375 0.18203125
1 0.359375 0.80390625 0.0796875 0.26640625