0 0.99921875 0.13671875 0.0015625 0.1890625
2 0.715625 0.38984375 0.0453125 0.1890625
2 0.50078125 0.3203125 0.06953125 0.19921875
2 0.42421875 0.46796875 0.05546875 0.23671875
2 0.465625 0.6609375 0.0515625 0.21875
2 0.83359375 0.375 0.06875 0.17734375
2 0.53828125 0.29375 0.0546875 0.1734375
2 0.3328125 0.45234375 0.03203125 0.22109375
2 0.27265625 0.43671875 0.05625 0.22890625
2 0.4546875 0.52421875 0.04296875 0.2171875
1 0.3796875 0.69375 0.053125 0.19921875
1 0.80859375 0.265625 0.040625 0.1796875
0 0.484375 0.2359375 0.015625 0.04609375
2 0.303125 0.46640625 0.0453125 0.21796875