2 0.184375 0.40859375 0.06796875 0.2171875
2 0.50078125 0.415625 0.0671875 0.23125
2 0.6703125 0.48359375 0.06953125 0.3671875
2 0.4125 0.53984375 0.06015625 0.2359375
2 0.2171875 0.6125 0.04296875 0.25
2 0.72421875 0.48359375 0.0734375 0.31796875
2 0.4484375 0.7796875 0.06953125 0.20859375
2 0.0265625 0.6953125 0.04921875 0.2625
2 0.615625 0.690625 0.05 0.2421875
2 0.53359375 0.32421875 0.06875 0.19375
1 0.13125 0.89140625 0.0546875 0.2171875
1 0.28203125 0.32109375 0.04296875 0.1828125
1 0.96484375 0.6453125 0.06015625 0.25