2 0.79453125 0.6734375 0.078125 0.27109375
2 0.65078125 0.6203125 0.06796875 0.24375
1 0.08046875 0.86953125 0.065625 0.24609375
2 0.515625 0.74140625 0.05546875 0.2421875
1 0.559375 0.34765625 0.03984375 0.2015625
2 0.48984375 0.421875 0.06171875 0.20703125
2 0.396875 0.36171875 0.046875 0.2140625
2 0.3578125 0.65546875 0.08046875 0.23671875
1 0.12109375 0.31171875 0.04921875 0.1765625
2 0.43515625 0.42265625 0.04765625 0.22265625
2 0.2578125 0.2984375 0.04453125 0.1796875
0 0.51328125 0.6375 0.02421875 0.04765625