1 0.96171875 0.38125 0.06640625 0.209375
1 0.3796875 0.81484375 0.0828125 0.22578125
1 0.16171875 0.36875 0.0375 0.209375
2 0.69453125 0.62890625 0.0578125 0.29921875
2 0.8640625 0.39453125 0.05703125 0.23671875
2 0.38359375 0.3671875 0.040625 0.18203125
2 0.3109375 0.55234375 0.08203125 0.26640625
2 0.909375 0.69765625 0.0640625 0.29453125
2 0.38125 0.60234375 0.07890625 0.275
2 0.35859375 0.52578125 0.0515625 0.22265625
2 0.3453125 0.44140625 0.05703125 0.19609375
0 0.17265625 0.43125 0.02421875 0.0390625