2 0.6171875 0.5046875 0.046875 0.23046875
1 0.32421875 0.77109375 0.053125 0.15234375
2 0.34453125 0.61484375 0.07578125 0.2484375
1 0.24921875 0.3234375 0.04140625 0.2
2 0.23515625 0.68671875 0.06015625 0.21953125
2 0.77890625 0.56171875 0.05078125 0.26328125
2 0.715625 0.32734375 0.06015625 0.20625
2 0.4671875 0.328125 0.071875 0.240625
2 0.35546875 0.3453125 0.04921875 0.203125
2 0.4140625 0.3484375 0.0453125 0.1875
1 0.896875 0.309375 0.04609375 0.19609375
2 0.5703125 0.38359375 0.05859375 0.2390625
2 0.471875 0.26640625 0.04921875 0.16953125
0 0.690625 0.34140625 0.01875 0.03359375