2 0.328125 0.68203125 0.053125 0.2296875
2 0.69453125 0.60234375 0.04609375 0.21328125
2 0.728125 0.57109375 0.0890625 0.2125
2 0.61640625 0.44140625 0.05234375 0.22734375
2 0.46171875 0.47578125 0.0703125 0.21015625
1 0.6984375 0.3859375 0.03984375 0.18984375
2 0.475 0.39140625 0.04140625 0.19453125
2 0.2453125 0.43125 0.046875 0.18671875
2 0.0484375 0.78203125 0.0734375 0.24296875
1 0.5484375 0.8203125 0.05234375 0.15078125
0 0.6140625 0.20703125 0.01640625 0.03203125
2 0.371875 0.35078125 0.04140625 0.1734375
2 0.053125 0.378125 0.0328125 0.2