2 0.40859375 0.5953125 0.05703125 0.20546875
2 0.35390625 0.57265625 0.04765625 0.1703125
2 0.73359375 0.33671875 0.04765625 0.2203125
2 0.44375 0.30234375 0.0484375 0.209375
1 0.25625 0.33125 0.03515625 0.1859375
2 0.56171875 0.39765625 0.040625 0.2171875
1 0.89609375 0.328125 0.0375 0.1734375
2 0.6765625 0.55 0.05546875 0.20546875
2 0.446875 0.27265625 0.03828125 0.15390625
2 0.3078125 0.321875 0.04140625 0.190625
1 0.32421875 0.7234375 0.0421875 0.13359375
0 0.7171875 0.353125 0.02265625 0.03359375
2 0.58515625 0.553125 0.05546875 0.209375
2 0.2703125 0.425 0.05 0.18125