1 0.38046875 0.73671875 0.0640625 0.2171875
1 0.2265625 0.321875 0.03125 0.1734375
2 0.45390625 0.54140625 0.0578125 0.20390625
2 0.2421875 0.68125 0.0640625 0.23828125
1 0.89765625 0.334375 0.05546875 0.165625
2 0.47265625 0.621875 0.05625 0.2203125
0 0.9015625 0.51875 0.01640625 0.02734375
2 0.28046875 0.66171875 0.05 0.22421875
2 0.8234375 0.4953125 0.078125 0.19453125
2 0.553125 0.34375 0.0453125 0.17734375
2 0.66328125 0.303125 0.03046875 0.16875
2 0.5609375 0.3359375 0.03046875 0.175
2 0.878125 0.51875 0.07578125 0.17265625