2 0.5109375 0.4078125 0.04375 0.190625
2 0.4734375 0.6375 0.0640625 0.16171875
2 0.5796875 0.33046875 0.03125 0.16484375
2 0.39296875 0.50859375 0.0484375 0.18671875
1 0.66171875 0.715625 0.04140625 0.14921875
2 0.36484375 0.67734375 0.06640625 0.22421875
2 0.334375 0.32734375 0.05625 0.16171875
1 0.78125 0.3484375 0.034375 0.16015625
1 0.1375 0.2953125 0.04765625 0.17109375
2 0.53515625 0.2390625 0.0375 0.1578125
2 0.70703125 0.3625 0.03984375 0.184375
2 0.70625 0.3203125 0.03828125 0.17109375
0 0.3421875 0.66328125 0.02890625 0.040625