1 0.2609375 0.3078125 0.0328125 0.125
2 0.5765625 0.56953125 0.05234375 0.1375
2 0.3796875 0.634375 0.040625 0.178125
1 0.7390625 0.684375 0.03984375 0.13984375
2 0.38359375 0.42890625 0.028125 0.16796875
2 0.421875 0.41953125 0.0390625 0.17421875
2 0.7484375 0.403125 0.04765625 0.1484375
1 0.86484375 0.33125 0.03046875 0.14609375
2 0.5578125 0.440625 0.02890625 0.17578125
2 0.71328125 0.34921875 0.0265625 0.140625
2 0.775 0.35625 0.0390625 0.15546875
2 0.04140625 0.4 0.07734375 0.16953125
2 0.7125 0.271875 0.0265625 0.13203125