2 0.19140625 0.52109375 0.04375 0.16640625
1 0.1421875 0.33203125 0.028125 0.13828125
2 0.575 0.48515625 0.034375 0.175
2 0.396875 0.4453125 0.02734375 0.165625
2 0.33515625 0.3703125 0.02734375 0.1609375
2 0.446875 0.29921875 0.02734375 0.15078125
2 0.10625 0.57578125 0.03671875 0.11484375
2 0.4171875 0.49296875 0.04140625 0.1578125
2 0.659375 0.57109375 0.05078125 0.1859375
2 0.346875 0.32734375 0.028125 0.1359375
1 0.7671875 0.39609375 0.03203125 0.14140625
0 0.6375 0.52578125 0.01640625 0.02890625