2 0.26171875 0.4203125 0.04296875 0.15625
2 0.52421875 0.4296875 0.03984375 0.18515625
1 0.67734375 0.70078125 0.04140625 0.15078125
2 0.496875 0.625 0.04921875 0.13359375
2 0.34453125 0.42578125 0.05390625 0.1609375
2 0.3765625 0.68984375 0.065625 0.20078125
0 0.40703125 0.6609375 0.025 0.04140625
2 0.60859375 0.3375 0.0390625 0.16171875
2 0.57890625 0.24140625 0.0296875 0.15078125
2 0.70859375 0.36171875 0.02734375 0.1578125
2 0.71953125 0.31796875 0.04140625 0.1734375
1 0.77890625 0.321875 0.0359375 0.13984375
1 0.1515625 0.3 0.02734375 0.153125
2 0.39375 0.34296875 0.034375 0.16875