2 0.65 0.56484375 0.059375 0.23515625
2 0.803125 0.66328125 0.0640625 0.25078125
2 0.746875 0.41171875 0.05859375 0.2265625
1 0.365625 0.81015625 0.05546875 0.196875
2 0.296875 0.575 0.03671875 0.23359375
2 0.13046875 0.7203125 0.05078125 0.228125
1 0.88984375 0.31328125 0.034375 0.19375
2 0.5765625 0.3015625 0.05546875 0.165625
1 0.30546875 0.29921875 0.0390625 0.2078125
2 0.42578125 0.3484375 0.06640625 0.23515625
0 0.565625 0.28359375 0.01953125 0.046875
2 0.51796875 0.359375 0.05 0.24140625
2 0.83125 0.40703125 0.053125 0.2109375
2 0.38984375 0.365625 0.0484375 0.190625