1 0.2515625 0.76328125 0.04296875 0.2359375
2 0.603125 0.45546875 0.0546875 0.20546875
2 0.47265625 0.63671875 0.084375 0.21484375
2 0.38359375 0.39296875 0.0359375 0.15546875
2 0.7859375 0.5640625 0.06953125 0.19375
2 0.21328125 0.3890625 0.03359375 0.17734375
2 0.159375 0.51015625 0.05078125 0.2171875
2 0.575 0.35 0.02734375 0.196875
2 0.696875 0.478125 0.05625 0.196875
2 0.4125 0.2984375 0.02890625 0.16171875
0 0.1734375 0.43984375 0.0125 0.02578125
2 0.78515625 0.7015625 0.07109375 0.23515625