2 0.7125 0.41171875 0.0578125 0.16875
2 0.79609375 0.36953125 0.04296875 0.16875
2 0.72421875 0.26328125 0.03984375 0.13828125
1 0.2890625 0.3 0.0328125 0.14375
1 0.72734375 0.70625 0.034375 0.17734375
1 0.8953125 0.31015625 0.02578125 0.11796875
2 0.72578125 0.26484375 0.0328125 0.153125
2 0.78671875 0.36640625 0.03359375 0.16875
1 0.73125 0.69609375 0.040625 0.1484375
2 0.54453125 0.4625 0.0421875 0.184375
2 0.73515625 0.33671875 0.034375 0.1578125
2 0.61015625 0.56328125 0.04296875 0.1453125
2 0.31953125 0.44765625 0.0359375 0.16328125
2 0.375 0.628125 0.03515625 0.1953125
2 0.38984375 0.4484375 0.03125 0.171875