1 0.1109375 0.33359375 0.03515625 0.1640625
2 0.59453125 0.62734375 0.0796875 0.21640625
2 0.44296875 0.42578125 0.07421875 0.19765625
2 0.37734375 0.615625 0.05546875 0.20859375
2 0.31015625 0.6546875 0.05234375 0.20234375
2 0.5203125 0.646875 0.05078125 0.19140625
2 0.28203125 0.40703125 0.046875 0.146875
1 0.64609375 0.7578125 0.04453125 0.14140625
2 0.68828125 0.40703125 0.0390625 0.17109375
2 0.55390625 0.37578125 0.05546875 0.1828125
1 0.77890625 0.4125 0.0359375 0.16484375
2 0.50078125 0.2875 0.03515625 0.1546875
0 0.28125 0.34921875 0.0203125 0.03671875